      background(214, 214, 214);
    noStroke();
    fill(255, 0, 0);
    rect(296,127,100,100);
    fill(24, 209, 222);
     rect(-5,126,100,100);
     fill(37, 204, 37);
      rect(-5,28,100,100);
      fill(219, 24, 206);
       rect(-4,227,100,100);
       fill(0, 0, 0);
        rect(-5,325,100,100);
         fill(255, 255, 255);
     rect(296,326,100,100);
     fill(252, 252, 25);
      rect(296,29,100,100);
       fill(255, 102, 0);
     rect(296,227,100,100);
         fill(13, 61, 255);
     rect(196,326,100,100);
     fill(181, 224, 230);
      rect(196,29,100,100);
       fill(114, 2, 179);
     rect(196,227,100,100);
     fill(235, 123, 205);
     rect(196,128,100,100);
          fill(15, 255, 147);
     rect(95,326,103,100);
     fill(219, 132, 100);
      rect(94,28,100,100);
       fill(114, 2, 179);
     rect(196,227,100,100);
     fill(235, 123, 205);
     rect(196,128,100,100);
     
     
     rect(96,228,100,100);
     fill(70, 247, 0);
      rect(94,127,100,100);
       fill(43, 31, 51);
     rect(196,227,100,100);
     fill(124, 235, 204);
     rect(193,128,103,99);
          fill(191, 230, 213);
     rect(95,326,103,100);
     fill(219, 132, 100);
     
     
     
     
     
 
     fill(189, 96, 15);
      rect(-6,-70,100,100);
       fill(151, 42, 224);
     rect(94,-70,100,100);
     fill(107, 184, 162);
     rect(196,-6,100, 37);
     
     
     

    fill(0, 0, 0);
    rect(137,285,150,60);
    fill(255, 255, 255);
    textSize(45);
    text("Start", 160,329);
    fill(0, 0, 0);
   text("Avoid the Block", 59,173);


